Source,Target,Status,Migration Wave,Migration Profile,Size,Archive Size
P365AutoRemoteEquip5@CORP31.CMTSANDBOX.COM,P365AutoRemoteEquip5@corp32.cmtsandbox.com,Prepared,,Default Profile,2.8 MB,
